	0	2232.35	1958.26	
	1	2232.3	1958.34	
	2	2233.78	1957.79	
	3	2235.59	1958.17	
	4	2239.04	1957.26	
	5	2242.06	1957.15	
	6	2247.09	1958.13	
	7	2251.82	1957.33	
	8	2257.83	1957.98	
	9	2264.08	1957.05	
	10	2271.14	1956.93	
	11	2279.13	1956.97	
	12	2288.38	1956.67	
	13	2297.49	1956.01	
	14	2307.25	1956.5	
	15	2317.62	1955.76	
	16	2327.78	1955.96	
	17	2340.16	1955.66	
	18	2352.13	1955.76	
	19	2364.66	1955.62	
	20	2378.38	1955.3	
	21	2391.76	1954.7	
	22	2406.47	1954.1	
	23	2421.46	1953.45	
	24	2436.35	1953.73	
	25	2451.23	1952.81	
	26	2467.65	1953.34	
	27	2483.6	1952.15	
	28	2500.49	1952.44	
	29	2517.76	1952.63	
	30	2534.75	1951.44	
	31	2552.54	1951.68	
	32	2569.54	1951.64	
	33	2587.95	1951.75	
	34	2605.85	1951.74	
	35	2624.54	1951.11	
	36	2642.64	1951.22	
	37	2661.6	1951.13	
	38	2679.79	1951.09	
	39	2699.64	1950.34	
	40	2717.47	1950.68	
	41	2736.68	1951.03	
	42	2754.85	1951.22	
	43	2773.39	1950.59	
	44	2791.63	1950.93	
	45	2809.53	1951.61	
	46	2828.5	1951.07	
	47	2846.41	1951.77	
	48	2864.03	1951.73	
	49	2880.78	1952.55	
	50	2898.93	1951.95	
	51	2915.62	1953.34	
	52	2931.73	1953.56	
	53	2948.29	1953.44	
	54	2964.45	1953.78	
	55	2979.85	1954.08	
	56	2995.37	1954.61	
	57	3010.26	1955.42	
	58	3024.61	1956.31	
	59	3037.93	1956.52	
	60	3052.61	1956.42	
	61	3065.19	1957.58	
	62	3078.31	1957.63	
	63	3090.22	1958.6	
	64	3101.79	1958.76	
	65	3113.74	1959.96	
	66	3124.72	1960.71	
	67	3134.62	1960.91	
	68	3145.67	1961.51	
	69	3154.31	1962.57	
	70	3163.5	1963.33	
	71	3172.34	1962.92	
	72	3180.49	1963.77	
	73	3188.63	1964.83	
	74	3195.49	1965.63	
	75	3202.33	1966.72	
	76	3209.29	1967.6	
	77	3215.6	1968.67	
	78	3220.74	1969.67	
	79	3226.46	1970.69	
	80	3231.36	1971.8	
	81	3235.38	1973.3	
	82	3240.5	1974.33	
	83	3244.64	1974.57	
	84	3248.88	1975.66	
	85	3252.2	1977.55	
	86	3255.8	1978.79	
	87	3259.65	1980.52	
	88	3262.64	1980.79	
	89	3265.78	1982.75	
	90	3269.38	1984.49	
	91	3271.35	1985.34	
	92	3273.56	1987.42	
	93	3275.69	1988.39	
	94	3277.53	1989.53	
	95	3278.96	1991.49	
	96	3279.49	1992.59	
	97	3281.3	1993.76	
	98	3281.13	1995.44	
	99	3281.51	1996.64	
	100	3280.92	1998.29	
	101	3280.25	1999.47	
	102	3280.1	2000.98	
	103	3278.62	2001.63	
	104	3276.4	2003.37	
	105	3275.36	2004.76	
	106	3272.95	2006.53	
	107	3270.77	2007.38	
	108	3267.13	2008.87	
	109	3265.41	2009.95	
	110	3261.07	2011.65	
	111	3258.07	2012.75	
	112	3254.25	2013.41	
	113	3249.44	2014.57	
	114	3245.86	2015.35	
	115	3240.88	2016.71	
	116	3236.69	2017.57	
	117	3231.72	2018.57	
	118	3226.06	2019.6	
	119	3220.68	2020.6	
	120	3215.61	2020.87	
	121	3209.75	2021.49	
	122	3203.83	2022.91	
	123	3198.82	2023.3	
	124	3191.74	2023.91	
	125	3186.88	2024	
	126	3179.82	2024.54	
	127	3174.05	2025.68	
	128	3168.39	2025.68	
	129	3162.8	2026.18	
	130	3156.27	2026.07	
	131	3150.1	2025.91	
	132	3144.32	2025.75	
	133	3139.31	2026.13	
	134	3133.12	2025.86	
	135	3127.78	2025.96	
	136	3122.62	2026.17	
	137	3117.34	2026.3	
	138	3111.42	2025.47	
	139	3106.44	2025.06	
	140	3101.35	2025.17	
	141	3096.62	2024.67	
	142	3092.01	2024.73	
	143	3086.58	2024.59	
	144	3082.44	2025.43	
	145	3078.28	2024.56	
	146	3074.5	2024.58	
	147	3070.21	2024.44	
	148	3066.32	2024.69	
	149	3063.19	2024.85	
	150	3059.51	2023.95	
	151	3057.17	2024.4	
	152	3053.97	2023.83	
	153	3052.14	2024.67	
	154	3049.86	2024.13	
	155	3047.81	2024.22	
	156	3047.04	2024.31	
	157	3045.34	2023.61	
	158	3044.6	2023.75	
	159	3043.5	2023.92	
	160	3043.27	2023.67
