0	132	45
1	132	45
2	132	45
3	132	44
4	131	44
5	131	43
6	130	41
7	130	40
8	129	38
9	128	37
10	128	35
11	127	33
12	125	31
13	124	29
14	123	26
15	122	24
16	121	21
17	119	18
18	118	15
19	116	12
20	114	9
21	112	6
22	110	3
23	108	0
24	106	-4
25	104	-7
26	101	-11
27	99	-14
28	96	-18
29	93	-22
30	90	-25
31	87	-29
32	84	-33
33	80	-37
34	77	-41
35	73	-44
36	69	-48
37	65	-52
38	61	-56
39	56	-59
40	52	-63
41	47	-67
42	42	-71
43	37	-74
44	32	-78
45	27	-82
46	21	-85
47	15	-89
48	9	-92
49	4	-96
50	-3	-99
51	-9	-103
52	-15	-106
53	-22	-109
54	-29	-112
55	-36	-115
56	-43	-118
57	-50	-121
58	-57	-124
59	-64	-127
60	-72	-129
61	-79	-132
62	-87	-134
63	-94	-137
64	-102	-139
65	-110	-142
66	-118	-144
67	-125	-146
68	-134	-148
69	-141	-150
70	-149	-152
71	-157	-153
72	-165	-155
73	-173	-157
74	-180	-159
75	-188	-161
76	-196	-163
77	-204	-165
78	-211	-167
79	-219	-169
80	-226	-171
81	-233	-173
82	-241	-175
83	-249	-176
84	-257	-178
85	-265	-180
86	-273	-182
87	-282	-184
88	-291	-185
89	-300	-187
90	-310	-189
91	-319	-190
92	-329	-192
93	-339	-193
94	-349	-194
95	-359	-196
96	-369	-197
97	-380	-198
98	-390	-199
99	-401	-200
100	-411	-201
101	-422	-202
102	-433	-203
103	-444	-203
104	-454	-204
105	-465	-205
106	-476	-206
107	-487	-206
108	-497	-207
109	-509	-207
110	-519	-208
111	-530	-208
112	-541	-208
113	-551	-208
114	-562	-208
115	-572	-208
116	-583	-208
117	-593	-208
118	-603	-208
119	-613	-208
120	-623	-207
121	-633	-207
122	-642	-207
123	-652	-206
124	-661	-206
125	-671	-205
126	-679	-204
127	-688	-204
128	-697	-203
129	-706	-202
130	-714	-201
131	-722	-200
132	-730	-199
133	-738	-198
134	-745	-197
135	-753	-196
136	-760	-195
137	-767	-194
138	-773	-192
139	-780	-191
140	-786	-190
141	-792	-189
142	-798	-188
143	-803	-187
144	-808	-187
145	-813	-186
146	-818	-185
147	-822	-184
148	-826	-184
149	-830	-183
150	-833	-182
151	-837	-182
152	-839	-181
153	-842	-181
154	-844	-180
155	-846	-180
156	-848	-180
157	-849	-179
158	-850	-179
159	-850	-179
160	-850	-179