	0	2207.06	1119.83	
	1	2206.52	1119.82	
	2	2205.08	1119.73	
	3	2204.08	1119.78	
	4	2201.36	1119.29	
	5	2197.96	1119.25	
	6	2194.67	1120	
	7	2190.36	1119.67	
	8	2185.59	1119.74	
	9	2179.85	1119.72	
	10	2173.13	1119.24	
	11	2166.57	1119.32	
	12	2159.86	1119.5	
	13	2152.5	1119	
	14	2144	1119	
	15	2134.86	1118.67	
	16	2125.5	1118.81	
	17	2115.78	1119.16	
	18	2105.14	1118.91	
	19	2094.83	1118.61	
	20	2084	1118.1	
	21	2072.42	1117.98	
	22	2060.34	1117.23	
	23	2048.09	1116.56	
	24	2035.3	1117.11	
	25	2022.12	1116.11	
	26	2009.32	1116.1	
	27	1994.77	1115.16	
	28	1981.68	1115.17	
	29	1967.74	1115.13	
	30	1953.51	1113.53	
	31	1939.22	1113.07	
	32	1923.9	1113.1	
	33	1909.59	1112.33	
	34	1893.88	1111.53	
	35	1878.86	1110.36	
	36	1864.57	1109.33	
	37	1848.98	1108.45	
	38	1833.45	1107.61	
	39	1818.39	1106.09	
	40	1802.89	1105.14	
	41	1787.62	1104.21	
	42	1772.2	1103.15	
	43	1757.04	1101.75	
	44	1741.36	1100.52	
	45	1725.92	1099.49	
	46	1711.68	1097.15	
	47	1696.55	1096.21	
	48	1682.17	1094.21	
	49	1666.3	1093.38	
	50	1653.14	1091.32	
	51	1638.04	1090.04	
	52	1623.87	1088.27	
	53	1610.07	1086.1	
	54	1596.96	1084.02	
	55	1583.93	1082.34	
	56	1570.55	1080.27	
	57	1557.95	1078.39	
	58	1544.83	1076.51	
	59	1532.32	1074.39	
	60	1521.07	1071.93	
	61	1509.29	1070.38	
	62	1498.31	1067.45	
	63	1486.69	1066.11	
	64	1476.32	1063.51	
	65	1466.11	1061.85	
	66	1456.48	1059.9	
	67	1446.4	1057.65	
	68	1438.06	1055.45	
	69	1428.3	1053.39	
	70	1419.74	1051.53	
	71	1412.07	1048.71	
	72	1404.46	1046.67	
	73	1397.02	1044.52	
	74	1388.94	1042.85	
	75	1382.29	1040.89	
	76	1376.11	1038.29	
	77	1370.36	1036.03	
	78	1363.79	1033.81	
	79	1359.02	1031.46	
	80	1352.97	1028.78	
	81	1347.85	1026.9	
	82	1343.14	1024.31	
	83	1338.38	1020.84	
	84	1333.61	1018.63	
	85	1328.93	1015.93	
	86	1323.99	1013.57	
	87	1319.8	1010.84	
	88	1315.71	1007.65	
	89	1311.51	1004.91	
	90	1308.59	1002.38	
	91	1304.49	998.922	
	92	1301.06	996.559	
	93	1297.84	993.512	
	94	1294.44	989.406	
	95	1291.74	987.328	
	96	1289.01	984.063	
	97	1287.05	980.793	
	98	1284.71	977.574	
	99	1283.63	974.598	
	100	1281.64	971.371	
	101	1280.75	967.953	
	102	1279.89	965.273	
	103	1279.44	961.652	
	104	1278.35	958.559	
	105	1278.42	955.754	
	106	1278.61	953.285	
	107	1279.51	949.383	
	108	1279.58	946.883	
	109	1281.01	943.652	
	110	1281.86	941.324	
	111	1283.47	938.043	
	112	1285.87	934.785	
	113	1286.94	931.832	
	114	1289.72	929.266	
	115	1291.96	926.52	
	116	1295.38	923.77	
	117	1298.03	921.453	
	118	1300.89	919.211	
	119	1304.63	916.813	
	120	1308.41	913.621	
	121	1311.71	911.703	
	122	1315.46	909.879	
	123	1319.7	907.539	
	124	1323.61	905.918	
	125	1328.54	903.586	
	126	1331.7	901.398	
	127	1335.7	900.469	
	128	1340.56	898.586	
	129	1345.78	897.262	
	130	1349.52	895.633	
	131	1353.52	894.066	
	132	1357.93	893.094	
	133	1362.95	891.766	
	134	1366.23	891.184	
	135	1371.13	890.543	
	136	1375.02	889.809	
	137	1379.05	889.535	
	138	1382.3	887.477	
	139	1387.12	887.156	
	140	1390.34	886.359	
	141	1394.27	886.273	
	142	1398.5	885.512	
	143	1401.81	884.809	
	144	1405.34	885.418	
	145	1408.81	884.699	
	146	1412.19	883.871	
	147	1414.5	883.379	
	148	1418	883.672	
	149	1421.05	883.18	
	150	1422.34	882.262	
	151	1426.06	882.441	
	152	1427.32	881.844	
	153	1429.58	882.082	
	154	1430.8	880.813	
	155	1432.32	881.277	
	156	1434.23	881.543	
	157	1434.91	880.73	
	158	1435.42	880.66	
	159	1435.41	880.566	
	160	1435.45	880.652