	0	324	447.75	
	1	327.742	440.477	
	2	331.09	433.711	
	3	334.027	428.457	
	4	335.703	422.715	
	5	338.02	418.441	
	6	340.148	413.645	
	7	341.043	410.242	
	8	342.797	407.281	
	9	343.336	403.75	
	10	344.758	401.617	
	11	345.082	399.824	
	12	345.293	398.461	
	13	345.437	397.453	
	14	346.523	395.777	
	15	346.598	395.492	
	16	346.566	395.559	
	17	345.469	395.98	
	18	345.375	397.832	
	19	345.223	399.008	
	20	344.984	400.633	
	21	343.547	402.609	
	22	343.066	405.008	
	23	342.375	408.941	
	24	340.52	412.18	
	25	338.418	417.086	
	26	337.113	421.488	
	27	334.434	427.449	
	28	331.398	432.988	
	29	327.918	440.176	
	30	323.918	448.055	
	31	319.312	455.637	
	32	313.086	464.984	
	33	307.086	475.164	
	34	299.199	486.187	
	35	291.363	498.187	
	36	281.441	511.102	
	37	270.375	525.016	
	38	258.977	539.961	
	39	245.125	555.961	
	40	229.719	573.008	
	41	211.645	590.172	
	42	192.645	609.426	
	43	171.664	629.738	
	44	148.633	650.074	
	45	123.383	672.324	
	63	1104.25	1767.5	
	64	85.2812	388.906	
	65	141.313	357.129	
	66	189.547	335.238	
	67	229.91	320.875	
	68	262.617	313.461	
	69	288.531	311.762	
	70	309.359	313.527	
	71	325.031	317.711	
	72	336.211	325.508	
	73	343.547	334.184	
	74	348.977	344.254	
	75	350.703	355.168	
	76	351.402	365.715	
	77	350.52	377.477	
	78	348.313	388.254	
	79	345.145	399.98	
	80	342.145	410.375	
	81	337.551	420.469	
	82	332.645	430.18	
	83	328.434	439.441	
	84	324.133	448.168	
	85	319.719	455.402	
	86	315.379	463.098	
	87	311.109	469.258	
	88	307.035	475.887	
	89	303.137	480.992	
	90	300.313	486.602	
	91	296.871	490.648	
	92	294.641	494.238	
	93	291.641	498.348	
	94	289.949	501.027	
	95	287.551	503.195	
	96	286.34	504.941	
	97	285.438	506.328	
	98	284.863	507.18	
	99	284.477	507.773	
	100	284.367	507.906	
	101	284.52	507.699	
	102	284.871	507.156	
	103	285.477	506.289	
	104	286.305	505.062	
	105	287.313	503.605	
	106	289.441	501.738	
	107	290.848	499.641	
	108	292.313	497.301	
	109	295.023	493.68	
	110	296.758	490.855	
	111	298.637	487.758	
	112	301.609	484.434	
	113	303.734	479.91	
	114	306.859	476.164	
	115	310.016	472.301	
	116	312.223	467.266	
	117	315.43	463.031	
	118	317.637	458.652	
	119	320.832	453.187	
	120	323.973	448.57