	0	-242.25	698.75	
	1	-246.051	705.297	
	2	-249.25	711.145	
	3	-251.914	717.461	
	4	-255.152	722.164	
	5	-256.937	727.383	
	6	-258.34	730.977	
	7	-260.414	735.113	
	8	-261.207	738.75	
	9	-262.645	740.859	
	10	-262.832	743.551	
	11	-263.824	745.75	
	12	-264.566	747.437	
	13	-265.094	748.664	
	14	-264.437	748.512	
	15	-264.566	748.91	
	16	-264.566	748.82	
	17	-265.355	748.305	
	18	-264.887	748.297	
	19	-264.273	746.734	
	20	-263.422	744.816	
	21	-263.328	742.328	
	22	-261.973	739.332	
	23	-260.305	736.797	
	24	-259.238	732.691	
	25	-257.852	728.969	
	26	-254.98	723.687	
	27	-252.66	718.687	
	28	-249.801	712.039	
	29	-246.277	705.656	
	30	-242.035	698.48	
	31	-237.051	689.504	
	32	-232.184	680.68	
	33	-225.359	670.98	
	34	-218.445	660.352	
	35	-209.418	648.789	
	36	-200.141	636.258	
	37	-189.355	622.738	
	38	-176.129	608.195	
	39	-162.23	592.664	
	40	-146.562	576.207	
	41	-130.082	557.793	
	42	-110.641	539.555	
	43	-89.1953	520.555	
	44	-65.6328	499.926	
	45	-40.1328	479.176	
	63	22.5	431.75	
	64	-1.21875	757.812	
	65	-58.125	788.508	
	66	-106.621	810.414	
	67	-147.18	823.895	
	68	-180.492	831.531	
	69	-207.355	834.363	
	70	-227.66	832.562	
	71	-243.078	826.941	
	72	-254.555	820.32	
	73	-262.637	811.27	
	74	-266.91	801.25	
	75	-269.977	790.781	
	76	-270.41	779.023	
	77	-269.371	768.266	
	78	-267.316	756.809	
	79	-264.434	746.707	
	80	-259.957	736.016	
	81	-256.379	725.91	
	82	-252.496	716.344	
	83	-247.594	707.629	
	84	-242.742	699.312	
	85	-238.012	690.84	
	86	-233.656	683.969	
	87	-229.531	676.797	
	88	-225.691	671.195	
	89	-222.344	665.262	
	90	-218.266	661.023	
	91	-215.492	656.273	
	92	-212.281	652.18	
	93	-210.367	649.723	
	94	-207.773	646.695	
	95	-206.73	644.125	
	96	-204.965	642.109	
	97	-203.77	640.691	
	98	-202.832	639.684	
	99	-202.437	638.98	
	100	-202.332	638.828	
	101	-202.477	639.031	
	102	-202.887	639.715	
	103	-203.766	640.699	
	104	-204.895	642.02	
	105	-206.449	643.785	
	106	-206.984	645.84	
	107	-208.961	648.141	
	108	-211.375	650.906	
	109	-212.68	652.859	
	110	-215.398	656.109	
	111	-218.262	659.738	
	112	-219.961	663.379	
	113	-223.32	666.664	
	114	-225.48	670.871	
	115	-227.754	675.312	
	116	-231.176	679.066	
	117	-233.754	683.98	
	118	-237.25	689.125	
	119	-239.832	693.355	
	120	-242.437	698.797	