	51	433.5	1819	
	52	426.332	1823.75	
	53	416.66	1829.68	
	54	406.113	1837.64	
	55	399.328	1847.85	
	56	401.48	1856	
	57	418.113	1862.64	
	58	455.699	1863.93	
	59	517.195	1858.83	
	60	602.695	1844.83	
	71	633.25	1779.25	
	72	581.5	1791	
	73	541.25	1801	
	74	510.25	1808.75	
	75	487.867	1813.87	
	76	472.078	1818.41	
	77	461.238	1821.22	
	78	454.238	1823.17	
	79	447.895	1823.77	
	80	443.055	1825.04	
	81	437.879	1826.45	
	82	433.879	1827.45	
	83	430.027	1827.95	
	84	427.117	1828.87	
	85	424.883	1828.57	
	86	422.617	1828.98	
	87	419.883	1829.57	
	88	418.117	1829.87	
	89	417.223	1830.09	
	90	415.133	1830.57	
	91	413.281	1829.75	
	92	412.367	1829.87	
	93	411.082	1830.06	
	94	410.523	1830.43	
	95	409.328	1830.41	
	96	409.164	1830.45	
	97	408.133	1830.57	
	98	407.281	1829.75	
	99	406.418	1829.5	
	100	406.48	1829.61	
	101	405.996	1829.61	
	102	405.215	1829.53	
	103	404.758	1829.56	
	104	405.293	1829.34	
	105	404.746	1829.37	
	106	404.277	1828.95	
	107	404.141	1829	
	108	403.625	1827.77	
	109	403.367	1827.87	
	110	404.281	1827.75	
	111	404.133	1827.57	
	112	403.867	1827.37	
	113	403.672	1827.17	
	114	403.449	1826.76	
	115	403.426	1826.69	
	116	403.418	1826.5	
	117	403.293	1826.34	
	118	403.207	1826.02	
	119	403.332	1825.82	
	120	403.281	1824.75	
	121	403.328	1824.41	
	122	403.246	1824.23	
	123	403.277	1823.95	
	124	404.332	1823.82	
	125	404.418	1823.5	
	126	404.328	1823.41	
	127	404.297	1823.01	
	128	404.449	1822.76	
	129	404.516	1822.68	
	130	404.781	1822.61	
	131	404.996	1822.46	
	132	405.082	1822.06	
	133	405.063	1821.95	
	134	404.063	1821.95	
	135	404.281	1821.75	
	136	405.191	1821.65	
	137	405.215	1821.53	
	138	405.328	1821.41	
	139	405.328	1821.41	
	140	405.328	1821.41