51	1420.5	-442
52	1418.5	-442
53	1413.5	-441
54	1407.5	-440
55	1398.5	-440
56	1386.5	-438
57	1372.5	-436
58	1354.5	-433
59	1333.5	-429
60	1309.5	-424
71	1265.5	-422
72	1255.5	-422
73	1247.5	-422
74	1240.5	-422
75	1234.5	-421
76	1230.5	-421
77	1228.5	-421
78	1226.5	-421
79	1225.5	-420
80	1223.5	-420
81	1223.5	-420
82	1222.5	-420
83	1221.5	-420
84	1220.5	-420
85	1219.5	-419
86	1218.5	-419
87	1218.5	-419
88	1217.5	-419
89	1216.5	-419
90	1216.5	-419
91	1216.5	-418
92	1215.5	-418
93	1215.5	-418
94	1214.5	-418
95	1214.5	-418
96	1213.5	-418
97	1213.5	-418
98	1213.5	-417
99	1213.5	-417
100	1212.5	-417
101	1212.5	-417
102	1212.5	-417
103	1212.5	-417
104	1211.5	-417
105	1211.5	-417
106	1211.5	-417
107	1211.5	-417
108	1211.5	-416
109	1211.5	-416
110	1210.5	-416
111	1210.5	-416
112	1210.5	-416
113	1210.5	-416
114	1210.5	-416
115	1210.5	-416
116	1210.5	-416
117	1210.5	-416
118	1210.5	-416
119	1210.5	-416
120	1210.5	-415
121	1210.5	-415
122	1210.5	-415
123	1210.5	-415
124	1209.5	-415
125	1209.5	-415
126	1209.5	-415
127	1209.5	-415
128	1209.5	-415
129	1209.5	-415
130	1209.5	-415
131	1209.5	-415
132	1209.5	-415
133	1209.5	-415
134	1210.5	-415
135	1210.5	-415
136	1209.5	-415
137	1209.5	-415
138	1209.5	-415
139	1209.5	-415
140	1209.5	-415