	51	688.863	649.91	
	52	692.5	643.535	
	53	699.063	633.563	
	54	706.75	619.25	
	55	715.391	601.141	
	56	719.688	580.188	
	57	716.688	560.188	
	58	704.684	543.078	
	59	678.684	529.922	
	60	639.105	523.918	
	61	585.762	525.16	
	73	712.977	702.07	
	74	767.285	714.727	
	75	811.969	723.254	
	76	844.691	729.785	
	77	868.395	731.867	
	78	884.902	733.23	
	79	898.836	733.836	
	80	909.766	734.172	
	81	919.75	734.035	
	82	928	733	
	83	935.75	733.035	
	84	942.418	732.75	
	85	947.934	731.672	
	86	953.75	731.18	
	87	957.977	730.977	
	88	962.75	730.527	
	89	966.977	728.977	
	90	969.629	728.551	
	91	972.977	727.977	
	92	976.25	727.418	
	93	978.75	726.035	
	94	981.25	725.25	
	95	984.117	724.68	
	96	986.25	724.25	
	97	987.902	723.902	
	98	989.316	723.184	
	99	991.457	722.75	
	100	992.75	722.035	
	101	994.684	720.816	
	102	995.461	720.039	
	103	996.277	719.586	
	104	997.937	719.063	
	105	998.117	718.68	
	106	999.574	718.16	
	107	1000.98	717.977	
	108	1001.12	717.582	
	109	1002.18	717.184	
	110	1003.12	716.68	
	111	1003.25	716.25	
	112	1003.98	715.977	
	113	1004.6	715.902	
	114	1005.32	715.184	
	115	1006.04	714.039	
	116	1005.52	713.977	
	117	1006.28	713.496	
	118	1006.77	713.043	
	119	1007.32	712.93	
	120	1007.48	712.879	
	121	1008.12	712.582	
	122	1008.32	712.184	
	123	1008.64	711.992	
	124	1008.02	711.879	
	125	1008.12	711.68	
	126	1008.38	711.68	
	127	1008.65	711.422	
	128	1009.02	711.133	
	129	1009.04	711.039	
	130	1009.13	711.02	
	131	1009.32	710.93	
	132	1009.32	710.93	
	133	1009.41	710.781	
	134	1009.38	710.68	
	135	1009.46	710.773	
	136	1009.46	710.773	
	137	1009.53	710.75	
	138	1009.53	710.75	
	139	1009.53	710.75	
	140	1009.53	710.75