3	1446.5	-439
4	1440.5	-441
5	1436.5	-442
6	1432.5	-442
7	1430.5	-442
8	1429.5	-442
9	1429.5	-442
10	1428.5	-442
11	1428.5	-442
12	1428.5	-442
13	1427.5	-442
14	1427.5	-442
15	1427.5	-442
16	1427.5	-442
17	1427.5	-442
18	1427.5	-442
19	1427.5	-442
20	1427.5	-442
21	1427.5	-442
22	1427.5	-442
23	1427.5	-442
24	1427.5	-442
25	1427.5	-442
26	1427.5	-442
27	1427.5	-442
28	1427.5	-442
29	1427.5	-442
30	1427.5	-442
31	1427.5	-442
32	1427.5	-442
33	1426.5	-442
34	1426.5	-442
35	1426.5	-442
36	1426.5	-442
37	1426.5	-442
38	1426.5	-442
39	1426.5	-442
40	1425.5	-442
41	1425.5	-442
42	1425.5	-442
43	1425.5	-442
44	1424.5	-442
45	1424.5	-442
46	1424.5	-442
47	1423.5	-442
48	1422.5	-442
49	1422.5	-442
50	1421.5	-442
51	1419.5	-442
52	1420.5	-441
53	1422.5	-438
54	1428.5	-434
55	1438.5	-427
56	1451.5	-419
57	1466.5	-408
58	1484.5	-395
59	1504.5	-379
60	1528.5	-362
69	2024.5	-172
70	2056.5	-155
71	2084.5	-139
72	2111.5	-125
73	2136.5	-112
74	2158.5	-100
75	2178.5	-89
76	2195.5	-79
77	2211.5	-71
78	2224.5	-63
79	2236.5	-56
80	2247.5	-50
81	2257.5	-44
82	2266.5	-39
83	2274.5	-34
84	2281.5	-30
85	2288.5	-26
86	2295.5	-22
87	2301.5	-19
88	2307.5	-16
89	2312.5	-13
90	2317.5	-10
91	2322.5	-7
92	2326.5	-5
93	2330.5	-3
94	2334.5	0
95	2337.5	2
96	2341.5	4
97	2344.5	5
98	2347.5	7
99	2350.5	9
100	2352.5	10
101	2355.5	11
102	2357.5	13
103	2359.5	14
104	2361.5	15
105	2363.5	16
106	2365.5	17
107	2367.5	18
108	2368.5	19
109	2370.5	20
110	2371.5	21
111	2372.5	21
112	2374.5	22
113	2375.5	23
114	2376.5	23
115	2377.5	24
116	2378.5	24
117	2378.5	25
118	2379.5	25
119	2380.5	25
120	2380.5	26
121	2381.5	26
122	2381.5	26
123	2382.5	26
124	2382.5	27
125	2382.5	27
126	2383.5	27
127	2383.5	27
128	2383.5	27
129	2383.5	28
130	2384.5	28
131	2384.5	28
132	2384.5	28
133	2384.5	28
134	2384.5	28
135	2384.5	28
136	2384.5	28
137	2384.5	28
138	2384.5	28
139	2384.5	28
140	2384.5	28