	3	654.5	1740.75	
	4	587.367	1760.02	
	5	541.027	1774.73	
	6	511.961	1784.79	
	7	498.891	1789.86	
	8	492.027	1792.73	
	9	487.168	1794.27	
	10	484.648	1795.52	
	11	482.027	1796.73	
	12	479.922	1797.1	
	13	479.184	1797.88	
	14	478.25	1798.36	
	15	477.352	1798.8	
	16	476.434	1798.88	
	17	475.934	1799.38	
	18	475.352	1799.8	
	19	474.934	1799.62	
	20	474.473	1799.67	
	21	474.352	1799.8	
	22	474.352	1799.8	
	23	474.074	1800.03	
	24	473.715	1799.82	
	25	473.617	1799.98	
	26	473.5	1799.96	
	27	473.371	1800.16	
	28	473.164	1800.25	
	29	473.063	1800.51	
	30	472.656	1800.53	
	31	472.352	1800.8	
	32	471.934	1800.7	
	33	472.352	1800.8	
	34	471.617	1800.98	
	35	471.164	1801.51	
	36	470.352	1801.8	
	37	469.277	1801.99	
	38	468.352	1802.8	
	39	466.836	1802.96	
	40	466.352	1803.8	
	41	464.859	1804.01	
	42	462.934	1805.02	
	43	460.715	1805.82	
	44	459.352	1806.8	
	45	456.637	1807.79	
	46	453.5	1808.96	
	47	451.25	1810.7	
	48	448.164	1812.25	
	49	443.547	1813.99	
	50	439.516	1816.58	
	51	434	1819.5	
	52	425.5	1824.3	
	53	414.723	1832.33	
	54	402.074	1843.59	
	55	391.609	1854	
	56	389.727	1862.91	
	57	404.395	1865	
	58	440.055	1859.94	
	59	501.016	1845.94	
	60	582.953	1829.25	
	69	296	1849	
	70	199.75	1808.5	
	71	124.656	1766.57	
	72	68.0977	1729.13	
	73	28.0117	1697.48	
	74	1.28125	1672.11	
	75	-16.7031	1652.77	
	76	-27.7031	1638.77	
	77	-35.7773	1630.2	
	78	-40.7031	1622.77	
	79	-44.9883	1616.48	
	80	-48.9883	1611.48	
	81	-52.2734	1606.2	
	82	-55.1016	1601.9	
	83	-57.1445	1597.64	
	84	-58.832	1594.33	
	85	-60.582	1591.21	
	86	-62.582	1587.68	
	87	-63.9883	1585.48	
	88	-65.582	1583.29	
	89	-66.1992	1580.77	
	90	-67.2617	1578.6	
	91	-68.7773	1576.27	
	92	-69.1016	1574.76	
	93	-69.7148	1573.37	
	94	-70.4883	1570.98	
	95	-70.4883	1569.51	
	96	-71.7773	1568.2	
	97	-71.9883	1567.48	
	98	-72.1992	1566.27	
	99	-72.9883	1564.48	
	100	-72.793	1564.08	
	101	-73.4883	1563.51	
	102	-73.4883	1561.75	
	103	-73.6523	1561.36	
	104	-73.832	1560.64	
	105	-74.0117	1559.98	
	106	-74.3242	1559.36	
	107	-74.9883	1558.48	
	108	-74.4883	1557.98	
	109	-75.1445	1557.33	
	110	-74.9883	1556.48	
	111	-74.875	1556.76	
	112	-75.793	1556.08	
	113	-75.832	1555.33	
	114	-75.9883	1555.48	
	115	-75.9883	1554.48	
	116	-76.1445	1554.64	
	117	-75.4883	1553.98	
	118	-75.875	1554.21	
	119	-76.1445	1554.33	
	120	-75.7148	1553.37	
	121	-76.1953	1553.43	
	122	-75.832	1553.64	
	123	-76.2617	1553.6	
	124	-76.1016	1552.76	
	125	-75.7773	1552.7	
	126	-76.4883	1552.68	
	127	-76.1836	1552.89	
	128	-76.0117	1552.98	
	129	-75.875	1552.07	
	130	-76.8633	1552.15	
	131	-76.8047	1552.16	
	132	-76.582	1552.29	
	133	-76.4883	1552.29	
	134	-76.4883	1552.29	
	135	-76.3945	1552.29	
	136	-76.3945	1552.29	
	137	-76.3945	1552.29	
	138	-76.3945	1552.29	
	139	-76.3945	1552.29	
	140	-76.3945	1552.29