	51	945.014	1751.85	
	52	949.123	1749.87	
	53	954.5	1747.91	
	54	959.492	1745.77	
	55	963.256	1743.89	
	56	959.265	1743.61	
	57	944.087	1748.32	
	58	914.481	1758.22	
	59	865.223	1772.61	
	60	795.284	1791.52	
	61	705.404	1811.46	
	73	413.523	1806.53	
	74	455.676	1822.81	
	75	490.398	1834.3	
	76	516.867	1845.3	
	77	537.383	1851.75	
	78	552.543	1857.58	
	79	565.68	1862.07	
	80	575.43	1865.82	
	81	584.43	1869.07	
	82	592	1871	
	83	598.973	1874.04	
	84	604.668	1876.55	
	85	609.668	1877.55	
	86	614.816	1879.82	
	87	618.465	1881.53	
	88	622.574	1883.16	
	89	626.316	1883.57	
	90	628.43	1885.07	
	91	631.305	1886.41	
	92	633.832	1887.45	
	93	636.145	1887.48	
	94	638.039	1888.46	
	95	640.832	1889.45	
	96	642.305	1890.41	
	97	643.828	1890.93	
	98	644.816	1891.82	
	99	646.832	1892.45	
	100	647.539	1892.96	
	101	649.316	1892.57	
	102	649.926	1893.32	
	103	650.316	1893.57	
	104	651.574	1894.14	
	105	651.82	1894.58	
	106	652.945	1894.83	
	107	653.926	1895.32	
	108	653.93	1895.57	
	109	654.816	1895.82	
	110	655.668	1896.36	
	111	655.316	1896.57	
	112	656.051	1896.67	
	113	656.816	1896.82	
	114	657.102	1897.1	
	115	657.832	1896.33	
	116	657.145	1896.48	
	117	657.75	1896.69	
	118	657.984	1896.75	
	119	658.531	1896.86	
	120	658.844	1897.03	
	121	659.02	1897.36	
	122	659.398	1897.4	
	123	659.75	1897.52	
	124	658.93	1897.57	
	125	659.035	1897.57	
	126	659.145	1897.48	
	127	659.316	1897.57	
	128	659.613	1897.64	
	129	659.684	1897.68	
	130	659.684	1897.68	
	131	659.75	1897.69	
	132	659.75	1897.69	
	133	659.816	1897.82	
	134	659.816	1897.82	
	135	659.816	1897.82	
	136	659.816	1897.82	
	137	659.816	1897.82	
	138	659.816	1897.82	
	139	659.816	1897.82	
	140	659.816	1897.82