51	1413.5	-436
52	1415.5	-437
53	1418.5	-438
54	1422.5	-438
55	1426.5	-436
56	1432.5	-432
57	1440.5	-428
58	1448.5	-423
59	1458.5	-416
60	1468.5	-409
61	1480.5	-402
73	1804.5	-317
74	1812.5	-315
75	1817.5	-313
76	1822.5	-313
77	1825.5	-312
78	1828.5	-312
79	1830.5	-312
80	1833.5	-312
81	1835.5	-312
82	1837.5	-311
83	1839.5	-311
84	1841.5	-311
85	1843.5	-310
86	1844.5	-310
87	1846.5	-310
88	1847.5	-310
89	1848.5	-309
90	1850.5	-309
91	1851.5	-309
92	1852.5	-309
93	1853.5	-308
94	1854.5	-308
95	1854.5	-308
96	1855.5	-308
97	1856.5	-308
98	1857.5	-308
99	1857.5	-308
100	1858.5	-308
101	1858.5	-307
102	1859.5	-307
103	1860.5	-307
104	1860.5	-307
105	1861.5	-307
106	1861.5	-307
107	1861.5	-307
108	1862.5	-307
109	1862.5	-307
110	1862.5	-307
111	1863.5	-307
112	1863.5	-307
113	1863.5	-307
114	1863.5	-307
115	1863.5	-306
116	1864.5	-306
117	1864.5	-306
118	1864.5	-306
119	1864.5	-306
120	1864.5	-306
121	1864.5	-306
122	1864.5	-306
123	1864.5	-306
124	1865.5	-306
125	1865.5	-306
126	1865.5	-306
127	1865.5	-306
128	1865.5	-306
129	1865.5	-306
130	1865.5	-306
131	1865.5	-306
132	1865.5	-306
133	1865.5	-306
134	1865.5	-306
135	1865.5	-306
136	1865.5	-306
137	1865.5	-306
138	1865.5	-306
139	1865.5	-306
140	1865.5	-306