	0	1413.28	1867.14	
	1	1412.99	1866.88	
	2	1412.64	1866.49	
	3	1410.93	1867.21	
	4	1410.04	1866.73	
	5	1407.88	1866.8	
	6	1405.77	1867.87	
	7	1402.43	1867.75	
	8	1399.42	1868.66	
	9	1395.61	1868.57	
	10	1391.36	1868.68	
	11	1387.32	1869.31	
	12	1383.55	1869.38	
	13	1378.03	1869.41	
	14	1372.5	1870.25	
	15	1367.07	1870.66	
	16	1360.8	1872.14	
	17	1355.81	1873.05	
	18	1349.22	1873.89	
	19	1343.46	1874.57	
	20	1337.44	1875.04	
	21	1330.32	1876.21	
	22	1324.3	1876.57	
	23	1317.15	1877.13	
	24	1310.18	1878.53	
	25	1302.98	1878.87	
	26	1296.48	1880.54	
	27	1289.1	1880.99	
	28	1282.91	1882.31	
	29	1276.21	1883.86	
	30	1269.83	1884.03	
	31	1262.27	1886.09	
	32	1256.36	1886.76	
	33	1250.37	1888.6	
	34	1243.61	1890.03	
	35	1237.95	1891	
	36	1232.03	1892.19	
	37	1227.03	1893.71	
	38	1221.67	1895.09	
	39	1216.57	1895.82	
	40	1210.8	1897.69	
	41	1207.52	1898.89	
	42	1203.23	1901.02	
	43	1199.4	1902.28	
	44	1195.56	1904.11	
	45	1191.83	1906.05	
	46	1189.06	1907.04	
	47	1186.73	1909.41	
	48	1184.46	1910.13	
	49	1181.43	1912.33	
	50	1180.71	1913.68	
	51	1179.1	1916	
	52	1177.52	1917.78	
	53	1177.55	1918.93	
	54	1177.36	1920.82	
	55	1177.47	1922.65	
	56	1178.31	1924.08	
	57	1178.89	1926.02	
	58	1179.44	1928.01	
	59	1180.91	1929.99	
	60	1182.83	1930.85	
	61	1184.83	1933.12	
	62	1187.4	1934.67	
	63	1189.03	1936.84	
	64	1192.66	1938.42	
	65	1196.1	1940.5	
	66	1199.62	1942.18	
	67	1202.47	1943.65	
	68	1207.01	1945.39	
	69	1210.45	1947.43	
	70	1214.63	1948.85	
	71	1219.38	1949.91	
	72	1224.19	1951.93	
	73	1229.31	1953.4	
	74	1233.49	1955.33	
	75	1238.45	1956.96	
	76	1243.69	1958.83	
	77	1249.14	1961.3	
	78	1253.46	1963.38	
	79	1259.46	1965.33	
	80	1264.36	1967.36	
	81	1269.17	1969.2	
	82	1275.2	1970.89	
	83	1281.41	1972.09	
	84	1287.03	1974.26	
	85	1293.28	1976.68	
	86	1299.32	1979.29	
	87	1306.31	1981.59	
	88	1313.28	1983.17	
	89	1320.18	1985.72	
	90	1328.04	1988.69	
	91	1334.83	1990.53	
	92	1342.98	1992.76	
	93	1351.06	1994.75	
	94	1359.08	1997.53	
	95	1367.89	2000.23	
	96	1375.82	2002.24	
	97	1385.53	2004.49	
	98	1393.89	2006.71	
	99	1403.12	2009.18	
	100	1411.95	2011.72	
	101	1421.83	2014.19	
	102	1431.69	2016.62	
	103	1441.61	2018.67	
	104	1450.72	2020.67	
	105	1460.68	2023.35	
	106	1471.06	2026.5	
	107	1481.66	2028.54	
	108	1490.78	2031.24	
	109	1502.76	2033.37	
	110	1512.56	2035.62	
	111	1522.93	2037.42	
	112	1533.93	2039.53	
	113	1544.59	2041.95	
	114	1555.83	2043.47	
	115	1566.07	2046.21	
	116	1577.76	2048.09	
	117	1588.85	2050.02	
	118	1599.86	2052.17	
	119	1610.73	2054.06	
	120	1621.72	2055.31	
	121	1632.94	2057.18	
	122	1643.74	2059.14	
	123	1654.93	2060.48	
	124	1665.89	2062.41	
	125	1677.67	2063.42	
	126	1687.8	2064.85	
	127	1698.79	2066.39	
	128	1710.2	2067.59	
	129	1721.27	2068.46	
	130	1731.69	2069.38	
	131	1742.37	2070.13	
	132	1752.93	2071.58	
	133	1763.47	2072.12	
	134	1773.35	2072.88	
	135	1784.39	2073.68	
	136	1794.35	2074.34	
	137	1803.91	2075.16	
	138	1813.39	2074.85	
	139	1823.04	2075.73	
	140	1831.62	2075.79	
	141	1840.68	2076.43	
	142	1849.07	2076.76	
	143	1857.02	2077.44	
	144	1864.37	2077.97	
	145	1871.76	2078.76	
	146	1878.82	2078.91	
	147	1885.04	2079.05	
	148	1891.15	2079.42	
	149	1897.43	2079.85	
	150	1901.95	2079.71	
	151	1907.62	2080.72	
	152	1911.08	2080.29	
	153	1915.69	2080.85	
	154	1918.8	2080.74	
	155	1921.85	2080.98	
	156	1924.79	2081.41	
	157	1926.49	2080.97	
	158	1927.87	2081.13	
	159	1928.03	2081.09	
	160	1928.07	2080.89