	51	201.641	634.074	
	52	193.641	642.074	
	53	185.621	653.355	
	54	178.5	666.5	
	55	177.379	679.715	
	56	182.379	691.715	
	57	197.641	703.074	
	58	228.25	710.688	
	59	275.797	712.254	
	60	343.211	709.207	
	61	427.992	701.887	
	73	733.434	547.824	
	74	692.437	536.047	
	75	659.23	527.281	
	76	631.434	522.824	
	77	610.73	518.871	
	78	594.551	517.352	
	79	582.238	516.258	
	80	570.395	515.852	
	81	561.395	515.602	
	82	553	514.5	
	83	545.559	514.992	
	84	539.051	515.477	
	85	532.547	515.16	
	86	528.27	515.742	
	87	523.062	516.34	
	88	519.258	516.992	
	89	515.578	516.707	
	90	511.395	517.602	
	91	508.285	518.465	
	92	505.414	519.039	
	93	502.578	518.707	
	94	500.285	519.465	
	95	498.633	520.152	
	96	496.578	520.707	
	97	494.395	521.602	
	98	492.391	522.359	
	99	491.578	522.707	
	100	489.594	523.477	
	101	488.695	522.98	
	102	487.211	523.719	
	103	485.391	524.359	
	104	484.645	524.699	
	105	483.285	525.465	
	106	482.645	525.699	
	107	482.273	526.344	
	108	480.645	526.699	
	109	480.391	527.359	
	110	480.164	527.586	
	111	478.555	528.059	
	112	478.285	528.465	
	113	478.211	528.719	
	114	477.633	529.152	
	115	477.395	528.602	
	116	476.27	528.742	
	117	476.152	529.09	
	118	475.594	529.477	
	119	475.5	529.605	
	120	475.355	529.813	
	121	475.254	530.055	
	122	475.129	530.355	
	123	474.668	530.563	
	124	473.578	530.707	
	125	473.492	530.82	
	126	473.426	530.863	
	127	473.297	531.223	
	128	473.223	531.527	
	129	473.168	531.422	
	130	472.668	531.563	
	131	472.668	531.563	
	132	472.645	531.699	
	133	472.578	531.707	
	134	472.578	531.707	
	135	472.422	531.777	
	136	472.355	531.813	
	137	472.355	531.813	
	138	472.355	531.813	
	139	472.355	531.813	
	140	472.355	531.813