	3	388.5	540.75	
	4	327.988	558.879	
	5	286.738	575.754	
	6	261.395	588.941	
	7	249.934	595.648	
	8	244.133	599.109	
	9	239.934	601.648	
	10	237.738	603.32	
	11	235.176	604.941	
	12	233.566	605.984	
	13	233.082	606.805	
	14	232.199	607.277	
	15	231.383	607.965	
	16	230.609	608.305	
	17	230.109	608.676	
	18	229.664	608.852	
	19	229.223	609.199	
	20	229.105	609.176	
	21	228.832	609.512	
	22	228.559	609.641	
	23	228.398	609.871	
	24	228.332	609.805	
	25	228.195	609.941	
	26	228.129	610.008	
	27	227.961	610.031	
	28	227.832	610.012	
	29	227.504	610.207	
	30	227.227	610.551	
	31	227.109	610.676	
	32	226.465	610.938	
	33	227.105	611.176	
	34	226.617	611.496	
	35	226.027	611.988	
	36	225.199	612.277	
	37	224.398	612.871	
	38	223.398	613.723	
	39	222.223	614.199	
	40	222.074	615.063	
	41	220.664	615.852	
	42	219.105	617.176	
	43	217.207	618.641	
	44	216.074	620.063	
	45	213.582	621.805	
	46	211.012	623.695	
	47	208.961	626.031	
	48	206.492	628.859	
	49	202.664	631.852	
	50	199.207	635.641	
	51	195.75	639.75	
	52	189.137	646.742	
	53	183.25	656.785	
	54	177.75	670.168	
	55	177.703	684.246	
	56	189.25	698.785	
	57	220.641	708.426	
	58	277.43	711.215	
	59	363.75	703.25	
	60	476.75	687	
	69	752.75	549.75	
	70	707.57	529.766	
	71	675.32	513.879	
	72	653.754	503.574	
	73	641.805	497.426	
	74	637.73	495.133	
	75	637.953	494.434	
	76	641.066	495.008	
	77	644.156	496.918	
	78	648.129	497.75	
	79	651.609	498.738	
	80	654.59	500.141	
	81	657.66	500.676	
	82	660.598	502	
	83	663.73	502.629	
	84	667.129	504.066	
	85	669.555	505.176	
	86	671.801	506.07	
	87	674.52	507.211	
	88	676.379	508.629	
	89	678.723	509.664	
	90	680.68	510.301	
	91	682.43	511.051	
	92	684.555	512.176	
	93	686.555	513.176	
	94	688.043	513.344	
	95	690.422	514.176	
	96	691.066	515.008	
	97	692.68	516.301	
	98	694.156	516.918	
	99	695.555	517.176	
	100	697.223	518.117	
	101	697.75	519.234	
	102	699.555	519.176	
	103	700.496	520.117	
	104	701.555	520.566	
	105	702.555	521.176	
	106	703.191	521.813	
	107	703.555	522.176	
	108	705.043	522.344	
	109	705.273	522.457	
	110	706.297	522.777	
	111	707.156	523.918	
	112	706.836	523.895	
	113	707.555	523.676	
	114	708.156	524.434	
	115	708.555	524.176	
	116	708.555	525.176	
	117	710.133	524.602	
	118	710.055	525.281	
	119	710.066	526.008	
	120	711.043	525.344	
	121	710.727	525.84	
	122	711.555	526.176	
	123	711.273	526.457	
	124	711.656	526.074	
	125	712.359	526.117	
	126	711.613	526.234	
	127	711.98	526.602	
	128	712.43	527.051	
	129	712.555	526.176	
	130	711.687	526.176	
	131	712.055	526.176	
	132	712.117	526.23	
	133	712.422	526.176	
	134	712.555	526.176	
	135	712.555	526.176	
	136	712.555	526.176	
	137	712.555	526.176	
	138	712.555	526.176	
	139	712.555	526.176	
	140	712.555	526.176
