	51	938.273	1758.6	
	52	943.703	1754.34	
	53	951.605	1750.24	
	54	959.527	1745.6	
	55	964.109	1739.97	
	56	962.664	1736.45	
	57	949.766	1735.2	
	58	923.449	1738	
	59	874.469	1747.13	
	60	806.855	1764.27	
	61	723.355	1787.77	
	73	892.75	1733.5	
	74	928.105	1714.88	
	75	955.777	1700.22	
	76	975.25	1689.67	
	77	987.75	1682.34	
	78	996.039	1677.61	
	79	1004.25	1673.67	
	80	1010.75	1669.89	
	81	1016.75	1666.79	
	82	1022.25	1663.67	
	83	1027.65	1660.7	
	84	1031.94	1658.91	
	85	1035.55	1656.67	
	86	1039.13	1653.94	
	87	1042.75	1652.79	
	88	1045.44	1650.6	
	89	1049.25	1649.67	
	90	1051.11	1647.46	
	91	1053.75	1646.48	
	92	1055.75	1645.48	
	93	1057.75	1643.79	
	94	1059.75	1642.85	
	95	1061.75	1641.89	
	96	1063.85	1640.63	
	97	1064.93	1639.8	
	98	1066.07	1639.24	
	99	1068.25	1638.67	
	100	1069.75	1637.89	
	101	1070.04	1637.61	
	102	1071.33	1636.75	
	103	1072.75	1636.34	
	104	1073.15	1635.74	
	105	1074.75	1635.34	
	106	1075.15	1634.74	
	107	1075.75	1634.34	
	108	1076.25	1633.67	
	109	1076.75	1633.48	
	110	1077.5	1632.92	
	111	1078.25	1632.67	
	112	1078.75	1631.89	
	113	1079.44	1631.6	
	114	1079.39	1632.23	
	115	1080.14	1631.73	
	116	1080.75	1631.11	
	117	1080.75	1630.79	
	118	1081.62	1631.12	
	119	1081.33	1630.74	
	120	1082.22	1630.42	
	121	1082.25	1630.67	
	122	1082.07	1630.24	
	123	1082.04	1629.61	
	124	1082.96	1630.12	
	125	1083.04	1630.61	
	126	1082.85	1629.93	
	127	1082.92	1630.34	
	128	1082.93	1629.8	
	129	1082.95	1629.95	
	130	1083.04	1629.61	
	131	1082.93	1629.8	
	132	1082.95	1629.95	
	133	1083.11	1629.46	
	134	1083.14	1629.73	
	135	1083.15	1629.74	
	136	1082.94	1629.91	
	137	1083.07	1629.24	
	138	1083.22	1629.42	
	139	1083.22	1629.42	
	140	1083.22	1629.42	