	51	681.621	655.402	
	52	686.094	647.41	
	53	693.844	636.09	
	54	702.844	621.09	
	55	708.73	601.375	
	56	708.902	579.711	
	57	696.902	556.711	
	58	671.703	538.074	
	59	619.203	523.426	
	60	544.297	521.312	
	61	450.297	535.312	
	73	345.75	745	
	74	370.457	730.707	
	75	390.535	717.785	
	76	404.937	707.687	
	77	415.297	699.297	
	78	422.801	693.363	
	79	430.184	687.703	
	80	435.937	682.687	
	81	441.437	678.062	
	82	446.184	673.703	
	83	451.094	669.625	
	84	455	666.75	
	85	457.891	663.273	
	86	461	659.75	
	87	464.094	657.625	
	88	466.297	654.297	
	89	469.578	652.297	
	90	471	649.625	
	91	473.266	647.793	
	92	474.801	646.363	
	93	476.437	643.586	
	94	478.066	642.297	
	95	479.824	640.922	
	96	481.523	638.508	
	97	482.437	637.297	
	98	483.254	636.109	
	99	485.152	634.965	
	100	486.094	633.75	
	101	486.172	632.801	
	102	487.352	631.867	
	103	488.559	631.066	
	104	488.68	630.074	
	105	490.117	629.094	
	106	490.297	628.297	
	107	490.633	627.383	
	108	491.094	626.75	
	109	491.359	626.004	
	110	491.891	625.273	
	111	492.437	624.297	
	112	493.094	623.75	
	113	493.559	623.066	
	114	493.297	623.297	
	115	494	622.75	
	116	494.559	622.066	
	117	494.437	621.297	
	118	495.094	621.75	
	119	494.766	620.992	
	120	495.578	620.297	
	121	495.437	620.586	
	122	495.371	620.121	
	123	495.172	619.574	
	124	496.094	619.75	
	125	496.117	620.094	
	126	495.883	619.527	
	127	496	619.75	
	128	495.719	619.289	
	129	495.883	619.527	
	130	495.895	618.848	
	131	495.766	618.992	
	132	495.801	619.363	
	133	495.883	618.527	
	134	495.895	618.848	
	135	495.824	618.922	
	136	496.07	619.09	
	137	495.801	618.363	
	138	496.016	618.387	
	139	496.074	618.512	
	140	496.074	618.512	