	51	195.199	640.277	
	52	191.75	645.957	
	53	185.375	655.168	
	54	179.762	668.078	
	55	176.344	682.578	
	56	179.98	699.355	
	57	194	716.004	
	58	221.75	731.605	
	59	269.633	739.324	
	60	337.883	738.324	
	61	419.633	725.824	
	73	193.75	630.75	
	74	157.48	649.832	
	75	131.492	664.887	
	76	112.691	676.789	
	77	101.109	684.52	
	78	92.1602	690.457	
	79	85.5352	695.328	
	80	78.668	700.187	
	81	73.543	704.238	
	82	68.5391	707.441	
	83	64.5	710.883	
	84	60.5742	714.723	
	85	56.5352	717.328	
	86	53.4414	719.434	
	87	50.5703	722.492	
	88	47.5352	724.328	
	89	45.9414	727.137	
	90	42.8555	728.598	
	91	41.2227	730.891	
	92	38.9414	733.137	
	93	36.9414	734.039	
	94	35.5	735.883	
	95	34.1602	737.457	
	96	33.3516	738.305	
	97	31.5391	739.441	
	98	29.9727	741.008	
	99	29.9023	742.211	
	100	28.7891	743.367	
	101	27.1094	744.52	
	102	26.5391	745.441	
	103	26.0273	746.344	
	104	24.6016	747.266	
	105	24.668	748.187	
	106	23.582	748.586	
	107	22.7539	749.316	
	108	22.0977	749.793	
	109	21.5352	750.328	
	110	21.1406	750.621	
	111	20.668	751.187	
	112	20.5352	751.328	
	113	20.4414	751.434	
	114	19.2734	752.746	
	115	19.2227	752.891	
	116	19.4414	753.176	
	117	18.6016	753.266	
	118	18.9414	754.137	
	119	18.2227	753.891	
	120	18.5781	753.855	
	121	18.1094	754.52	
	122	17.5352	754.328	
	123	17.3516	754.305	
	124	17.9102	755.008	
	125	17.5352	755.328	
	126	17.5352	755.328	
	127	17.1094	755.52	
	128	16.9023	755.211	
	129	16.793	755.758	
	130	16.668	755.187	
	131	16.5352	755.328	
	132	16.5625	755.996	
	133	16.5352	755.328	
	134	16.5352	755.328	
	135	16.5742	755.723	
	136	16.5	756.039	
	137	16.6016	755.266	
	138	16.5352	755.328	
	139	16.5352	755.328	
	140	16.5352	755.328	