	0	817.5	2030	
	1	812.5	2035.61	
	2	808.199	2040.66	
	3	804.461	2046.12	
	4	800.25	2050.03	
	5	797.5	2054.48	
	6	795.281	2057.39	
	7	792.453	2060.93	
	8	790.992	2064	
	9	788.941	2065.58	
	10	788.258	2067.81	
	11	786.809	2069.61	
	12	785.754	2071	
	13	784.949	2072.03	
	14	785.48	2071.71	
	15	785.234	2072	
	16	785.309	2072	
	17	784.645	2071.47	
	18	785.242	2071.67	
	19	786.137	2070.44	
	20	787.387	2068.79	
	21	787.996	2066.73	
	22	789.918	2064.3	
	23	792.25	2062.33	
	24	794.059	2058.85	
	25	796.289	2055.85	
	26	800.109	2051.33	
	27	803.441	2047.23	
	28	807.484	2041.37	
	29	812.16	2035.94	
	30	817.699	2029.71	
	31	824.082	2021.71	
	32	830.383	2013.87	
	33	838.703	2005.12	
	34	847.18	1995.43	
	35	857.887	1984.76	
	36	868.898	1973.05	
	37	881.387	1960.21	
	38	896.355	1946.28	
	39	911.926	1931.25	
	40	929.258	1915.04	
	41	947.336	1896.63	
	42	968.313	1878.05	
	43	991.133	1858.39	
	44	1015.84	1836.73	
	45	1042.84	1813.73	
	63	64	716.75	
	64	996.672	2005.06	
	65	942.219	2042.79	
	66	897.035	2071.96	
	67	860.324	2092.84	
	68	831.195	2107.5	
	69	808.637	2117.01	
	70	792.688	2121.43	
	71	781.449	2121.53	
	72	774.066	2120.09	
	73	769.883	2115.67	
	74	769.145	2109.95	
	75	769.512	2103.12	
	76	772.387	2094.6	
	77	776.348	2086.95	
	78	780.957	2077.95	
	79	786.367	2070.05	
	80	792.852	2061.29	
	81	798.598	2052.95	
	82	804.352	2044.96	
	83	810.777	2037.23	
	84	817.008	2030.14	
	85	822.996	2022.5	
	86	828.688	2016.45	
	87	833.832	2010.04	
	88	838.645	2005.07	
	89	842.875	1999.52	
	90	847.734	1995.62	
	91	850.988	1991.36	
	92	854.852	1987.5	
	93	857.094	1985.25	
	94	860.016	1982.4	
	95	861.527	1980.14	
	96	863.473	1978.25	
	97	864.828	1976.92	
	98	865.848	1975.93	
	99	866.492	1975.25	
	100	866.66	1975.12	
	101	866.465	1975.28	
	102	865.789	1975.96	
	103	864.82	1976.92	
	104	863.559	1978.13	
	105	861.836	1979.63	
	106	860.859	1981.57	
	107	858.66	1983.96	
	108	856	1986.34	
	109	854.371	1988.2	
	110	851.348	1991.22	
	111	847.887	1994.46	
	112	845.5	1998.06	
	113	841.785	2000.65	
	114	838.879	2004.61	
	115	835.898	2008.66	
	116	831.805	2011.97	
	117	828.582	2016.42	
	118	824.246	2021	
	119	820.863	2024.71	
	120	817.434	2029.61	