	51	434.371	1819.16	
	52	428.777	1822.67	
	53	419.148	1828.72	
	54	408.809	1837.62	
	55	399.656	1846.5	
	56	397.832	1855.43	
	57	407.691	1862.23	
	58	434.652	1865.64	
	59	485.199	1860.59	
	60	561.637	1847.09	
	61	658.137	1824.59	
	73	819	1764.5	
	74	793.055	1777.82	
	75	773.801	1788.43	
	76	758.336	1797.47	
	77	746.941	1804.44	
	78	737.66	1810.05	
	79	730.27	1814.77	
	80	722.941	1819.44	
	81	717.297	1822.86	
	82	711.934	1826.55	
	83	707.801	1829.39	
	84	703.336	1832.72	
	85	698.77	1835.03	
	86	695.062	1836.95	
	87	692.09	1839.7	
	88	688.836	1841.46	
	89	686.934	1843.55	
	90	683.402	1844.67	
	91	681.57	1846.82	
	92	678.934	1848.55	
	93	676.934	1849.55	
	94	675.062	1850.95	
	95	673.516	1852.47	
	96	672.336	1852.72	
	97	670.559	1854.22	
	98	668.941	1855.44	
	99	668.48	1856.39	
	100	667.203	1857.22	
	101	665.195	1858.25	
	102	664.672	1859.26	
	103	664.012	1859.61	
	104	662.648	1860.57	
	105	662.172	1861.16	
	106	661.09	1861.7	
	107	660.195	1862.25	
	108	659.402	1862.67	
	109	658.836	1863.09	
	110	658.434	1863.45	
	111	657.934	1863.55	
	112	657.668	1863.95	
	113	657.172	1864.16	
	114	656.195	1865.25	
	115	656.195	1865.25	
	116	656.48	1865.39	
	117	655.543	1865.33	
	118	655.836	1866.46	
	119	654.977	1866.36	
	120	655.562	1866.24	
	121	654.926	1866.66	
	122	654.402	1866.67	
	123	653.934	1866.55	
	124	654.793	1867.28	
	125	654.336	1867.72	
	126	653.934	1867.55	
	127	653.836	1867.99	
	128	653.934	1867.55	
	129	653.668	1867.95	
	130	653.516	1867.47	
	131	653.27	1867.77	
	132	653.48	1868.39	
	133	653.371	1867.59	
	134	653.336	1867.72	
	135	653.172	1868.16	
	136	653.48	1868.39	
	137	653.457	1867.53	
	138	653.371	1867.59	
	139	653.402	1867.67	
	140	653.402	1867.67	