	0	1351.75	1696.75	
	1	1356.75	1690.56	
	2	1361.29	1684.8	
	3	1365.34	1680.57	
	4	1367.98	1675.73	
	5	1371.25	1672.35	
	6	1374.23	1668.37	
	7	1375.89	1665.7	
	8	1378.31	1663.43	
	9	1379.46	1660.46	
	10	1381.41	1658.77	
	11	1382.15	1657.48	
	12	1382.72	1656.43	
	13	1383.13	1655.64	
	14	1384.41	1654.21	
	15	1384.57	1653.94	
	16	1384.52	1653.99	
	17	1383.3	1654.36	
	18	1382.95	1655.93	
	19	1382.54	1656.81	
	20	1381.83	1657.98	
	21	1379.99	1659.54	
	22	1378.89	1661.39	
	23	1377.55	1664.62	
	24	1374.96	1667.21	
	25	1372.01	1671.25	
	26	1369.68	1674.74	
	27	1365.91	1679.72	
	28	1361.68	1684.2	
	29	1356.95	1690.28	
	30	1351.64	1696.96	
	31	1345.61	1703.36	
	32	1337.79	1711.44	
	33	1330.15	1720.37	
	34	1320.56	1730.08	
	35	1310.95	1740.72	
	36	1299.16	1752.32	
	37	1286.16	1764.95	
	38	1272.77	1778.66	
	39	1256.97	1793.54	
	40	1239.57	1809.55	
	41	1219.49	1825.82	
	42	1198.54	1844.39	
	43	1175.67	1864.27	
	44	1150.79	1884.42	
	45	1124.29	1905.92	
	63	1060.75	1957.75	
	64	1168.31	1720.27	
	65	1223.83	1682.66	
	66	1270.17	1654.27	
	67	1307.74	1633.05	
	68	1336.96	1618.91	
	69	1359.12	1610.66	
	70	1375.98	1606.3	
	71	1387.75	1604.73	
	72	1394.95	1607.32	
	73	1398.71	1611.23	
	74	1400.5	1616.9	
	75	1398.87	1624	
	76	1396.54	1630.97	
	77	1392.72	1639.61	
	78	1387.83	1647.59	
	79	1382.15	1656.8	
	80	1376.87	1665.04	
	81	1370.34	1673.17	
	82	1363.53	1681.17	
	83	1357.64	1688.86	
	84	1351.8	1696.25	
	85	1345.98	1702.32	
	86	1340.43	1708.96	
	87	1335.04	1714.22	
	88	1329.94	1720.06	
	89	1325.15	1724.47	
	90	1321.64	1729.46	
	91	1317.49	1733.03	
	92	1314.7	1736.18	
	93	1311.17	1739.96	
	94	1309.05	1742.27	
	95	1306.29	1744.2	
	96	1304.83	1745.82	
	97	1303.75	1746.97	
	98	1302.97	1747.8	
	99	1302.55	1748.29	
	100	1302.4	1748.4	
	101	1302.58	1748.23	
	102	1303.03	1747.74	
	103	1303.79	1746.95	
	104	1304.77	1745.89	
	105	1305.98	1744.54	
	106	1308.48	1742.91	
	107	1310.16	1741.1	
	108	1312.03	1739	
	109	1315.08	1735.7	
	110	1317.36	1733.19	
	111	1319.75	1730.48	
	112	1323.27	1727.58	
	113	1325.94	1723.52	
	114	1329.71	1720.32	
	115	1333.59	1716.96	
	116	1336.54	1712.49	
	117	1340.49	1708.88	
	118	1343.48	1705.2	
	119	1347.52	1700.43	
	120	1351.54	1696.58