0	0	0
1	1347.5	-115
2	1346.5	-114
3	1345.5	-114
4	1345.5	-113
5	1344.5	-113
6	1343.5	-112
7	1343.5	-112
8	1342.5	-112
9	1342.5	-111
10	1341.5	-111
11	1341.5	-111
12	1341.5	-111
13	1341.5	-111
14	1340.5	-110
15	1340.5	-110
16	1340.5	-110
17	1341.5	-110
18	1341.5	-111
19	1341.5	-111
20	1341.5	-111
21	1342.5	-111
22	1342.5	-111
23	1342.5	-112
24	1343.5	-112
25	1344.5	-113
26	1344.5	-113
27	1345.5	-114
28	1346.5	-114
29	1347.5	-115
30	1348.5	-116
31	1349.5	-116
32	1351.5	-117
33	1352.5	-118
34	1354.5	-119
35	1355.5	-120
36	1357.5	-121
37	1359.5	-122
38	1360.5	-123
39	1362.5	-124
40	1364.5	-125
41	1367.5	-125
42	1369.5	-126
43	1371.5	-127
44	1373.5	-127
45	1375.5	-127
63	1292.5	-64
64	1296.5	-69
65	1300.5	-74
66	1304.5	-79
67	1308.5	-83
68	1312.5	-87
69	1316.5	-91
70	1319.5	-94
71	1322.5	-96
72	1325.5	-99
73	1328.5	-101
74	1330.5	-103
75	1333.5	-105
76	1335.5	-106
77	1337.5	-108
78	1339.5	-109
79	1341.5	-111
80	1342.5	-112
81	1344.5	-113
82	1346.5	-114
83	1347.5	-115
84	1348.5	-116
85	1349.5	-116
86	1350.5	-117
87	1351.5	-117
88	1352.5	-118
89	1353.5	-118
90	1353.5	-119
91	1354.5	-119
92	1354.5	-119
93	1355.5	-120
94	1355.5	-120
95	1356.5	-120
96	1356.5	-120
97	1356.5	-120
98	1356.5	-120
99	1356.5	-120
100	1356.5	-120
101	1356.5	-120
102	1356.5	-120
103	1356.5	-120
104	1356.5	-120
105	1356.5	-120
106	1355.5	-120
107	1355.5	-120
108	1355.5	-120
109	1354.5	-119
110	1354.5	-119
111	1354.5	-119
112	1353.5	-119
113	1353.5	-118
114	1352.5	-118
115	1351.5	-118
116	1351.5	-117
117	1350.5	-117
118	1350.5	-117
119	1349.5	-116
120	1348.5	-116